
Descriptive Statistics for Seattle Homes Internal Variables
=========================================================
Statistic       N      Mean    St. Dev.   Min      Max   
---------------------------------------------------------
price         64,080 502,872.6 347,834.7 78,000 7,700,000
pricePerFt2   64,080   286.9     116.4    87.6    798.1  
sqft_living   64,080  1,776.6    792.4    380    12,050  
yr_built      64,080  1,957.0    31.8    1,900    2,015  
bedrooms      64,080    3.2       1.1      1       33    
bathrooms     64,080    1.9       0.8     0.0      8.0   
condition     64,080    3.4       0.7      1        5    
sqft_basement 64,080   323.3     423.3     0      3,480  
sqft_lot      64,080  6,986.9   6,015.4   520    137,214 
---------------------------------------------------------
